1.721170395869190892e-02 5.649717514124293766e-03 2.403846153846153980e-03
1.721170395869191109e-03 3.107344632768361745e-02 2.403846153846153980e-03
1.721170395869191109e-03 3.107344632768361745e-02 2.403846153846153980e-03
1.876075731497418297e-01 8.192090395480225440e-02 4.807692307692307959e-02
1.256454388984509507e-01 8.474576271186440302e-02 8.413461538461539102e-02
5.163511187607573542e-03 5.367231638418078904e-02 7.451923076923076816e-02
3.442340791738381783e-02 5.367231638418078904e-02 5.769230769230769551e-02
1.721170395869191109e-03 4.519774011299435013e-02 2.403846153846153980e-03
4.475043029259896665e-02 2.824858757062146883e-03 2.644230769230769204e-02
3.442340791738382217e-03 1.412429378531073441e-02 2.403846153846153980e-03
1.721170395869191109e-03 1.694915254237288130e-02 2.403846153846153980e-03
5.163511187607573542e-03 1.129943502824858753e-02 2.403846153846153980e-03
1.721170395869191109e-03 1.129943502824858753e-02 7.211538461538461939e-03
1.721170395869191109e-03 4.519774011299435013e-02 2.403846153846153980e-03
1.721170395869191109e-03 1.129943502824858753e-02 4.326923076923076816e-02
1.721170395869191109e-03 1.412429378531073441e-02 1.682692307692307612e-02
1.721170395869191109e-03 1.694915254237288130e-02 2.403846153846153980e-03
3.442340791738382217e-03 2.824858757062146883e-02 2.403846153846153980e-03
1.721170395869191109e-03 3.107344632768361745e-02 2.403846153846153980e-03
1.721170395869191109e-03 1.412429378531073441e-02 4.807692307692307959e-03
1.721170395869191109e-03 3.107344632768361745e-02 2.403846153846153980e-03
7.056798623063682829e-02 2.824858757062146883e-03 2.644230769230769204e-02
1.376936316695352887e-02 1.129943502824858753e-02 2.403846153846153980e-03
6.196213425129087904e-02 2.824858757062146883e-03 2.403846153846153980e-03
1.721170395869191109e-03 5.932203389830508627e-02 2.403846153846153980e-03
3.442340791738382217e-03 1.412429378531073441e-02 2.403846153846153980e-03
1.721170395869191109e-03 1.694915254237288130e-02 2.403846153846153980e-03
1.721170395869191109e-03 1.694915254237288130e-02 2.403846153846153980e-03
1.721170395869191109e-03 1.694915254237288130e-02 2.403846153846153980e-03
1.721170395869191109e-03 1.694915254237288130e-02 2.403846153846153980e-03
5.163511187607573542e-03 1.694915254237288130e-02 9.615384615384615918e-03
1.721170395869191109e-03 3.107344632768361745e-02 2.403846153846153980e-03
1.721170395869191109e-03 1.694915254237288130e-02 2.403846153846153980e-03
1.721170395869191109e-03 1.694915254237288130e-02 3.846153846153846367e-02
1.721170395869191109e-03 1.694915254237288130e-02 2.403846153846153980e-03
1.032702237521514708e-02 2.824858757062146883e-03 1.442307692307692388e-02
1.721170395869191109e-03 2.824858757062146883e-03 1.442307692307692388e-02
1.721170395869191109e-03 2.824858757062146883e-03 5.048076923076923184e-02
1.721170395869191109e-03 2.824858757062146883e-03 3.846153846153846367e-02
1.721170395869191109e-03 2.824858757062146883e-03 9.855769230769230449e-02
1.721170395869191109e-03 2.824858757062146883e-03 1.442307692307692388e-02
1.721170395869191109e-03 2.824858757062146883e-03 3.846153846153846367e-02
1.721170395869191109e-03 2.824858757062146883e-03 3.846153846153846367e-02
1.721170395869191109e-03 2.824858757062146883e-03 3.846153846153846367e-02
1.721170395869191109e-03 5.649717514124293766e-03 1.201923076923076990e-02
1.721170395869191109e-03 2.824858757062146883e-03 2.644230769230769204e-02
3.442340791738382217e-03 2.824858757062146883e-03 1.201923076923076990e-02
1.721170395869191109e-03 2.824858757062146883e-03 1.442307692307692388e-02
1.721170395869191109e-03 2.824858757062146883e-03 1.442307692307692388e-02
1.721170395869191109e-03 2.824858757062146883e-03 1.442307692307692388e-02
3.442340791738382217e-03 2.824858757062146883e-03 1.201923076923076990e-02
1.032702237521514708e-02 2.824858757062146883e-03 2.403846153846153980e-03
5.335628227194492285e-02 2.824858757062146883e-03 2.403846153846153980e-03
2.753872633390705774e-02 2.824858757062146883e-03 2.403846153846153980e-03
1.032702237521514708e-02 2.824858757062146883e-03 2.403846153846153980e-03
1.032702237521514708e-02 2.824858757062146883e-03 2.403846153846153980e-03
1.893287435456110154e-02 2.824858757062146883e-03 2.403846153846153980e-03
1.893287435456110154e-02 2.824858757062146883e-03 2.403846153846153980e-03
1.032702237521514708e-02 2.824858757062146883e-03 2.403846153846153980e-03
2.753872633390705774e-02 2.824858757062146883e-03 2.403846153846153980e-03
1.721170395869190892e-02 2.824858757062146883e-03 4.807692307692307959e-03
1.032702237521514708e-02 2.824858757062146883e-03 2.403846153846153980e-03
2.581755593803786511e-02 2.824858757062146883e-03 4.807692307692307959e-03
1.032702237521514708e-02 2.824858757062146883e-03 2.403846153846153980e-03
1.032702237521514708e-02 2.824858757062146883e-03 2.403846153846153980e-03
1.032702237521514708e-02 2.824858757062146883e-03 2.403846153846153980e-03
1.893287435456110154e-02 2.824858757062146883e-03 2.403846153846153980e-03
1.032702237521514708e-02 2.824858757062146883e-03 2.403846153846153980e-03
1.032702237521514708e-02 2.824858757062146883e-03 2.403846153846153980e-03
1.032702237521514708e-02 2.824858757062146883e-03 2.403846153846153980e-03
1.032702237521514708e-02 2.824858757062146883e-03 2.403846153846153980e-03
1.032702237521514708e-02 2.824858757062146883e-03 2.403846153846153980e-03
